Random seed set to 0
Multiplication correct: True
roundtrip correct: True
convolution theorem correct: True
NTT verified on 100 random tests
Example polynomial from b[0]:
[  53 3101 3273 2953  103 3012 2942  271 1769 3208]
dataset size: 10, label distribution: 3 MLWE / 7 uniform
matrix type             threshold   accuracy
-------------------- ------------ ----------
lowrank(t=1)             920040.9     0.5042
lowrank(t=2)             923360.4     0.4884
circulant                921113.4     0.5092
toeplitz                 916458.3     0.5018
sparse(rho=0.3)          927399.5     0.7110
sparse(rho=0.5)          926751.7     0.5020
sparse(rho=0.8)          923248.9     0.4934
matrix type             cohen d    mlwe mean    unif mean    sep/sigma
lowrank(t=1)            -0.0159     922863.0     922399.8      -0.0159
lowrank(t=2)            -0.0060     922853.2     922674.5      -0.0060
circulant                0.0108     921322.3     921651.3       0.0108
toeplitz                -0.0184     921662.7     921102.3      -0.0184
sparse(rho=0.3)         11.1701     616914.1     922132.0      11.2373
sparse(rho=0.5)         -0.1069     922196.7     919108.6      -0.1070
sparse(rho=0.8)          0.0775     919973.4     922251.3       0.0775
   rho   accuracy    ci_lo    ci_hi    cohen_d
  0.05     0.7356   0.7234   0.7478    42.2241
  0.10     0.7430   0.7308   0.7550    43.7750
  0.15     0.7606   0.7488   0.7724    26.0910
  0.20     0.7446   0.7324   0.7566    26.0482
  0.25     0.7318   0.7194   0.7440    11.4560
  0.30     0.7408   0.7286   0.7528    11.8371
  0.35     0.4974   0.4836   0.5112    -0.0388
  0.40     0.5002   0.4864   0.5140     0.0566
  0.45     0.7632   0.7514   0.7750    11.4240
  0.50     0.7584   0.7464   0.7702    11.6089
  0.55     0.4934   0.4796   0.5072     0.0565
  0.60     0.5006   0.4868   0.5144    -0.0148
  0.65     0.5104   0.4966   0.5242     0.0823
  0.70     0.5008   0.4870   0.5146    -0.0040
  0.75     0.4938   0.4800   0.5076    -0.0196
  0.80     0.5046   0.4908   0.5184     0.0440
  0.85     0.4880   0.4742   0.5018    -0.1438
  0.90     0.5096   0.4958   0.5234     0.0323
  0.95     0.5020   0.4882   0.5158     0.0888
 nonzero   accuracy    ci_lo    ci_hi    cohen_d     mlwe_var     unif_var
       1     0.7366   0.7244   0.7488    25.8285     307188.9     926183.5
       2     0.7280   0.7156   0.7402    11.3881     618577.3     923667.6
       3     0.7414   0.7292   0.7534    11.0849     612627.3     921892.9
       4     0.4966   0.4828   0.5104     0.0984     920209.8     923256.8
       5     0.4998   0.4860   0.5136     0.0662     922015.6     923934.2
       6     0.4902   0.4764   0.5040    -0.0277     921777.1     920988.8
       7     0.4976   0.4838   0.5114     0.1459     921268.0     925738.1
       8     0.5026   0.4888   0.5164    -0.0565     923919.9     922225.9
       9     0.4966   0.4828   0.5104     0.0222     922897.5     923502.6
 nonzero    var_acc   logreg_acc
       1     0.7366       0.5720
       2     0.7280       0.5010
       3     0.7414       0.5100
       4     0.4966       0.5160
       5     0.4998       0.5060
       6     0.4902       0.5030
       7     0.4976       0.4980
       8     0.5026       0.5020
       9     0.4966       0.5020
matrix type             var_acc   logreg_acc    cohen_d
uniform                  0.5042       0.5020     0.0868
lowrank(t=1)             0.4986       0.4940    -0.0380
lowrank(t=2)             0.4970       0.4810    -0.0514
circulant                0.4936       0.5200    -0.0186
toeplitz                 0.4910       0.4800     0.1214
sparse(rho=0.3)          0.7684       0.5160    11.2839
sparse(rho=0.5)          0.7566       0.5220    11.6475
sparse(rho=0.8)          0.4986       0.4860    -0.0243
matrix type            gen mean(ms)    gen std  matvec mean(ms)   matvec std    speedup
uniform                       0.043      0.011            9.940        1.008      1.000
lowrank(t=1)                  8.243      0.731           10.132        1.298      0.981
lowrank(t=2)                 16.324      1.271            9.836        0.808      1.011
circulant                     0.016      0.005           10.097        1.165      0.985
toeplitz                      0.022      0.002           10.085        1.207      0.986
sparse(rho=0.3)               0.021      0.012           11.175        1.126      0.889
sparse(rho=0.5)               0.031      0.010           10.697        0.909      0.929
sparse(rho=0.8)               0.041      0.012           10.288        1.048      0.966